142
26.75 22.15
29.8 22.15
31.55 21.1
27.7 20.85
29.9 19.95
26.8 19.05
28.35 18.25
30.4 17.85
27.25 16.7
29.05 16
27.15 14.85
28.2 13.95
30.35 13.85
27.25 11.95
29.45 12.05
31.55 12.2
33.05 10.65
29.95 9.85
28 9.75
27.15 7.85
29.15 8.1
31.95 8.6
34.7 8.55
34.8 12.25
36.3 15.25
36.6 13.2
38.7 14.25
40.3 15.5
42.25 14.25
40.7 12.8
38.6 12.1
36.1 10.5
38.35 10.4
37.65 8.4
40.15 8.55
40.8 10.65
42.9 11.25
41.95 8.5
42.45 17.45
40.25 18.45
42.55 19.45
40.95 20.65
42.25 22.15
38.85 22.4
38.4 20
35.25 20.2
33.25 21
34.15 22.35
35.55 22.5
36.55 21.4
33.35 19.6
32.85 19.55
32.4 19.15
32.45 18.7
32.8 18.9
33.2 19.2
33.7 19.05
33.4 18.75
33.05 18.5
32.8 18.2
34 18.7
33.85 18.25
33.35 18.15
32.8 17.7
33.15 17.55
33.75 17.75
34.15 17.85
34.35 18.35
34.95 18.5
34.75 18.05
35.15 18.05
35.65 18.15
35.45 18.7
36.05 18.75
36.25 18.2
36.6 18.7
37.1 18.5
36.75 18.1
37.65 18.3
37.15 17.85
37.65 17.75
38.05 18.1
38.45 17.7
38.8 17.3
38.2 17.25
38.6 16.8
38.25 16.35
37.9 16.85
37.5 17.3
37.65 16.4
37.15 16.7
37 17.15
36.6 17.4
36.15 17.55
35.75 17.65
36.6 16.9
36.05 16.95
35.45 17
35.3 17.55
34.9 17
34.75 17.45
34.3 17.35
34.3 16.8
33.9 17.2
33.35 17.05
32.85 16.95
33.55 16.6
34 16.4
32.45 17.2
32.1 16.85
31.7 16.65
31.2 16.35
30.95 15.75
31.15 15.35
31.45 15.1
31.75 14.7
32.15 14.35
32.65 14.15
33.15 14.05
33.8 13.9
34.35 14.2
34.3 14.85
34.05 15.35
33.9 15.95
33.35 16.05
33 16.5
32.45 16.6
31.95 16.25
31.5 15.85
31.75 15.4
32.15 15.8
32.55 16.1
32.9 15.7
32.55 15.4
32.05 15.2
32.5 14.8
33 15.25
33.5 15.6
33.6 15.05
32.9 14.7
33.3 14.5
33.8 14.5