83
9.2 22.35
10.9 22.35
12.45 22.3
13.95 22.05
14.65 20.3
13.15 20.8
11.6 20.95
10.25 21.25
9.2 20.8
8.05 21.55
7.15 19.9
8.55 20
8.5 19.2
7.35 18.3
8.25 16.65
8.95 18
9.6 18.85
9.65 19.75
10.2 20.25
10.9 20.3
12.15 20
11.25 19.75
10.8 19.6
10.4 19.55
10.65 19.35
10.3 19.15
10.95 19.1
10.6 18.85
10.05 18.1
10.35 16.9
10.05 15.9
11.15 18.1
12.1 18.75
13.2 19.2
11.5 17.1
12.65 17.65
14.45 18.35
13.9 16.7
12.6 15.8
15.95 20.75
16.95 21.6
17.9 21.95
19 22.7
20.45 22.75
19.1 21.7
20.4 21.4
21.95 21.9
18.65 20.7
17.75 20.55
17.05 19.85
15.75 19.45
15.75 18.25
16.35 16.9
17.2 15.9
17.9 17
17.3 17.75
17 18.9
17.8 18.65
17.85 19.5
18.5 19.9
19.1 19.95
19.55 20.55
20.1 19.9
19.55 19.3
18.95 19.3
18.55 19.2
18.45 18.85
18.85 18.9
19.2 18.8
18.75 18.55
18.3 18.1
19.1 17.8
19 16.75
18.75 15.5
19.65 18.2
20.1 18.95
21.25 20.4
21.45 19
20.9 17.9
20.25 17.2
20.1 15.4
21.4 15.95
22.2 17.15